-0.85626745,0.8178404,1.0096544,0.13383105,-0.15067773,-0.46995586,-0.43927026,-0.727961,-0.88927245,-0.64422363,-0.98958904,-1.2254462,-0.8852453,-0.86698765,-0.8112907,-0.6603171,-1.0587237,-0.83003837,-0.84787,-0.8685006
-0.31373665,0.78655255,0.48445788,-0.47115862,-0.4975014,-0.49984542,-0.4027552,-0.66798806,-0.7828326,-0.5435824,-0.71470475,-0.8809407,-0.59847635,-0.6569612,-0.638302,-0.6916505,-0.7611077,-0.71536493,-0.7198573,-0.59559876
-0.90371066,0.8416988,0.9815513,0.06715089,-0.34094182,-0.40824997,-0.42354524,-0.75788856,-0.93013585,-0.4718105,-0.93987983,-1.2789474,-0.85313296,-0.821405,-0.94971997,-0.7386104,-1.0364119,-0.9482647,-0.95997894,-0.9078303
-0.25763634,0.7072094,0.39094487,-0.40621838,-0.40587866,-0.48651576,-0.38682622,-0.59226096,-0.79189783,-0.51500946,-0.6933495,-0.91253465,-0.64639384,-0.54730356,-0.49321976,-0.6154347,-0.900388,-0.66421515,-0.74395853,-0.6987776
-0.9290081,0.80551106,0.94754386,0.14636381,-0.15542845,-0.40253913,-0.39853993,-0.7815923,-0.9051351,-0.51147544,-0.9219492,-1.2304381,-0.78079385,-0.98813856,-0.8072562,-0.6594237,-0.9982941,-0.94437206,-0.932465,-0.83782715
-0.8692448,0.81041914,0.9632514,0.07982649,-0.15912752,-0.3774966,-0.29778975,-0.75692147,-0.9953235,-0.56152004,-0.89637464,-1.2334279,-0.88007015,-0.78811085,-0.83226454,-0.49335968,-1.0862374,-0.8965551,-1.0126297,-0.80347854
-0.20621933,0.7757195,0.40489805,-0.43842494,-0.47036552,-0.53502744,-0.39057893,-0.69584763,-0.83066905,-0.4659257,-0.7757817,-0.92211175,-0.5446636,-0.6007049,-0.5494302,-0.5675045,-0.73485696,-0.66926545,-0.68870807,-0.7048165
-0.84220415,0.801504,1.0667337,0.09385846,-0.17066397,-0.3552394,-0.4763704,-0.8428603,-0.9059356,-0.4894067,-0.9666775,-1.305144,-0.8365205,-0.8107711,-1.0180469,-0.6427123,-1.077173,-0.9022708,-1.039034,-0.81910443
-0.92021585,0.8031877,0.9493673,-0.025834784,-0.1777199,-0.41180655,-0.43412006,-0.79324245,-0.86323863,-0.5258152,-0.86263835,-1.2969167,-0.88294923,-0.78699344,-0.8817117,-0.55731505,-1.1226537,-0.8680765,-0.9960048,-0.8303043
-0.92730594,0.8136024,0.9282814,0.0018720541,-0.37873372,-0.42598227,-0.4298059,-0.83947396,-0.940297,-0.6136959,-1.0045202,-1.29424,-0.9690997,-0.8425768,-0.85879904,-0.6754816,-1.0348586,-0.92976785,-0.9157921,-0.8077843
-0.869109,0.81205946,0.9365482,-0.00723352,-0.22584878,-0.4992405,-0.44539967,-0.78323495,-0.8743583,-0.53148997,-0.9548793,-1.2654959,-0.79875845,-0.7807715,-0.6923668,-0.608581,-1.0839111,-0.8560098,-0.9239823,-0.8407411
-0.492941,0.7624418,0.71777654,-0.24936168,-0.24217713,-0.42088938,-0.25109053,-0.585755,-0.6779224,-0.3050855,-0.7167403,-0.9796403,-0.5205567,-0.67809,-0.6474198,-0.80463624,-0.8973834,-0.71205616,-0.7139852,-0.84536576
-0.9170435,0.82647175,1.0423625,0.19863033,-0.18232922,-0.3857809,-0.40620342,-0.7968972,-0.93649536,-0.5299332,-0.90302825,-1.3359865,-0.85028696,-0.8641678,-0.82770777,-0.66029215,-1.0276726,-0.9534168,-0.92382187,-0.84004605
-0.94827604,0.7654581,0.94923496,0.12214774,-0.17306961,-0.38653484,-0.39041865,-0.7370031,-0.94490886,-0.60695314,-0.8210648,-1.2019515,-0.7756184,-0.9017611,-0.7968466,-0.5957023,-1.032767,-0.9142373,-0.93956536,-0.96929383
-0.8661944,0.8472155,0.93207896,-0.055508878,-0.29601443,-0.41620246,-0.5486471,-0.83042914,-1.0183353,-0.63617146,-0.9551933,-1.2549748,-0.7794865,-0.8521686,-0.66837037,-0.49445426,-1.0582902,-0.9767547,-0.93112916,-0.8625298
-0.30089346,0.8454762,0.46594945,-0.51620036,-0.49360254,-0.510832,-0.4137122,-0.54339594,-0.77945405,-0.5298988,-0.7745691,-0.8983532,-0.5097213,-0.74794245,-0.59206814,-0.6341133,-0.7330713,-0.70813024,-0.7837476,-0.62604284
-0.8414269,0.89196795,0.7900945,-0.1047905,-0.45919573,-0.4263194,-0.51731974,-0.7779801,-0.93535525,-0.5525087,-0.9345021,-1.2919958,-0.87542975,-0.84623146,-0.7886527,-0.55901116,-1.1241797,-0.96710545,-0.9709617,-0.9438615
-0.9352757,0.8266786,0.97424185,0.10019118,-0.14188543,-0.41308534,-0.53020847,-0.85893023,-0.9579014,-0.6483253,-0.9833828,-1.3571562,-0.8495228,-0.93615663,-0.8570933,-0.7094093,-1.1387482,-1.007608,-0.8757001,-0.8548724
-0.6822892,0.75070083,0.8174543,-0.08046004,0.041963052,-0.34227327,-0.28223777,-0.61399484,-0.8298578,-0.43654558,-0.8850371,-0.97476983,-0.6370302,-0.69965845,-0.6905594,-0.7036624,-0.8327582,-0.8931887,-0.7943311,-0.7828976
-0.27784368,0.81459457,0.38403583,-0.45106706,-0.5052359,-0.56741816,-0.4127331,-0.60981256,-0.74577117,-0.51237774,-0.63827163,-0.81654465,-0.57308924,-0.7011246,-0.5952921,-0.6349955,-0.8440105,-0.73653877,-0.6639718,-0.70852584
-0.2758377,0.7088742,0.38090995,-0.6503513,-0.5070147,-0.64694285,-0.32097822,-0.62499255,-0.7459714,-0.46467096,-0.8387444,-0.84873396,-0.6506395,-0.70165056,-0.71410567,-0.6290071,-0.9408374,-0.6425687,-0.8059454,-0.6811013
-0.38892877,0.7558344,0.5590319,-0.39340124,-0.42053604,-0.47538996,-0.35048482,-0.6052825,-0.8013709,-0.49126804,-0.79202384,-0.95222205,-0.58032006,-0.6239883,-0.53166676,-0.68015534,-0.8319033,-0.7135068,-0.63345337,-0.7552027
-0.81966543,0.8245617,0.9338718,-0.11979589,-0.24835712,-0.39192477,-0.43919793,-0.75584954,-0.8417035,-0.5622679,-0.9973513,-1.3122967,-0.7873071,-0.9614307,-0.6750975,-0.5356725,-1.1579794,-0.93353486,-0.9840644,-0.8634367
-0.3703422,0.8505241,0.71702605,-0.39124832,-0.43176612,-0.5688062,-0.41175655,-0.6307452,-0.7390758,-0.38456553,-0.6483179,-0.91681045,-0.5849156,-0.6698518,-0.5255897,-0.69240934,-0.8111633,-0.7593312,-0.6699166,-0.68121254
-0.95199436,0.8444436,0.9149693,-0.04221836,-0.27123818,-0.3982864,-0.4811723,-0.88803416,-0.99208736,-0.5515528,-0.9878987,-1.3047006,-0.9646218,-0.8840978,-0.84338444,-0.60288316,-1.137127,-0.9987617,-0.9826915,-0.86246055
-0.3910003,0.7912113,0.6332867,-0.39912182,-0.24394228,-0.37626377,-0.35965186,-0.60503256,-0.84579974,-0.4192225,-0.6312793,-0.9598793,-0.63338643,-0.68432426,-0.6402218,-0.5045114,-0.7769102,-0.66182005,-0.6691264,-0.7136609
-0.94115275,0.8210197,0.99221754,0.09588621,-0.24556181,-0.42588013,-0.56209344,-0.8318076,-0.9063706,-0.48689517,-0.97965354,-1.3485651,-0.9112084,-0.82746303,-0.81044626,-0.6983861,-1.0512298,-0.9918313,-0.9829845,-0.84834707
-0.2295055,0.7114618,0.4355762,-0.4215887,-0.46478134,-0.5032721,-0.3456883,-0.6046677,-0.6512881,-0.44324124,-0.7109271,-0.7890831,-0.63511765,-0.6544122,-0.61879474,-0.6907247,-0.7440771,-0.7364664,-0.7453316,-0.68905354
-0.8819421,0.7784834,0.9394778,0.06336618,-0.25463575,-0.4142812,-0.3513041,-0.69334495,-0.91121507,-0.5172549,-0.8933156,-1.261027,-0.8781181,-0.81459665,-0.81062895,-0.5574471,-1.0482131,-0.944894,-0.92062825,-0.8057265
-0.86936665,0.8365241,0.97184235,-0.016163971,-0.28058255,-0.3127952,-0.43965742,-0.687093,-1.0599595,-0.46994317,-0.983953,-1.1920964,-0.89123833,-0.84724116,-0.860394,-0.507498,-1.1296934,-1.0025843,-0.8919983,-0.7762868
-0.47265312,0.8160253,0.83731335,-0.31037116,-0.26497433,-0.4523951,-0.35076118,-0.67529774,-0.7451022,-0.44196144,-0.77728045,-0.9390341,-0.5213117,-0.593523,-0.72121245,-0.58886105,-0.9079365,-0.61760205,-0.7471168,-0.62640506
-0.24445812,0.7331259,0.6241417,-0.42949757,-0.42674527,-0.5546364,-0.5093146,-0.5925666,-0.77354795,-0.5630044,-0.7368326,-0.8766982,-0.61136055,-0.7231597,-0.6848118,-0.65487254,-0.7969784,-0.70216024,-0.65056103,-0.6944982
-0.7700689,0.8223682,0.8333476,-0.037715875,0.015592021,-0.34264567,-0.27115962,-0.5364812,-0.7055962,-0.40331882,-0.778436,-0.9551072,-0.6380178,-0.68790555,-0.6874356,-0.6477178,-0.8946647,-0.7643929,-0.7503135,-0.73250246
-0.9338869,0.80211866,1.0749704,0.16296384,-0.1692531,-0.38535255,-0.46240425,-0.778561,-1.0201517,-0.5137456,-1.0276755,-1.2208159,-0.97828084,-0.85459906,-0.79550976,-0.7576364,-1.1540892,-1.0364583,-0.9596624,-0.90997946
-0.93898207,0.8561671,1.0675015,0.27437085,-0.26086938,-0.42605478,-0.572796,-0.97881234,-0.9886824,-0.7179549,-1.0557367,-1.3873763,-0.99769294,-1.0477804,-0.8879807,-0.6938687,-1.1659338,-1.0529326,-1.0504072,-0.95931095
-0.24776205,0.7790351,0.48875958,-0.4885987,-0.4615332,-0.54680485,-0.31280577,-0.7008592,-0.7612681,-0.4396833,-0.7547932,-0.9412887,-0.5654834,-0.5056238,-0.5452127,-0.7223202,-0.9067513,-0.68320364,-0.6338532,-0.6552488
-0.1926358,0.7732443,0.50851816,-0.34812436,-0.36681855,-0.606156,-0.4224341,-0.6408025,-0.6900469,-0.36923718,-0.6163891,-0.8839562,-0.52610314,-0.6792595,-0.58156425,-0.572256,-0.7436991,-0.6700837,-0.5507604,-0.6544434
-0.8860536,0.80444384,0.9796952,0.09220385,-0.006532392,-0.3540571,-0.3422478,-0.72774553,-0.85353637,-0.4235851,-0.92718273,-1.1629097,-0.64986944,-0.90225595,-0.6373632,-0.6848178,-0.9588974,-0.8125867,-0.8427678,-0.9270536
-0.9417205,0.71091044,0.96027106,0.042090673,-0.18879403,-0.24655026,-0.27006486,-0.62622184,-0.91290814,-0.48826346,-0.9528596,-1.1751477,-0.7645068,-0.82683235,-0.74195796,-0.68953514,-1.0104605,-0.8478875,-0.9759109,-0.8648069
-0.94592977,0.7735727,0.9603321,0.008982962,-0.18998376,-0.3602939,-0.42992064,-0.7243749,-0.93542933,-0.59065586,-0.90738446,-1.133563,-0.87576747,-0.8819966,-0.81886727,-0.7479807,-1.0425836,-0.96954536,-0.81492573,-0.8892946
-0.71667093,0.8020052,1.0102476,-0.018904665,-0.018290132,-0.23476733,-0.250478,-0.6845024,-0.718809,-0.34755638,-0.7610171,-1.0781538,-0.65016025,-0.74689895,-0.7040733,-0.74545306,-0.97579134,-0.8606377,-0.73861605,-0.81637526
-0.8643531,0.806511,0.9379465,0.044601392,-0.22354981,-0.45698068,-0.39782473,-0.7726451,-0.9573148,-0.5471129,-0.979114,-1.2310492,-0.82839394,-0.9163825,-0.95257246,-0.5175696,-1.0292356,-0.9888218,-0.904177,-0.9134912
-0.31098711,0.7501972,0.51400065,-0.43481973,-0.44020015,-0.5689244,-0.47430372,-0.6339096,-0.782555,-0.4751403,-0.7429566,-0.9643163,-0.6025223,-0.59034693,-0.54956174,-0.64479214,-0.74792665,-0.78892034,-0.7446012,-0.6926233
-0.8740272,0.77622396,0.9312024,-0.08179088,-0.19702868,-0.4508897,-0.3128933,-0.7687056,-0.8587684,-0.50123376,-0.92381334,-1.1776174,-0.7593945,-0.83296436,-0.73257744,-0.62932456,-0.9441271,-0.83239233,-0.94358474,-0.9042936
-0.19304344,0.74972636,0.43831515,-0.45066923,-0.5459081,-0.518057,-0.5026476,-0.72721463,-0.8136291,-0.3498004,-0.6984833,-0.86141694,-0.65789217,-0.6833577,-0.64177334,-0.57075226,-0.6797702,-0.6659645,-0.64009494,-0.6480089
-0.24846563,0.8162106,0.51731306,-0.44140875,-0.36890897,-0.60329163,-0.5062281,-0.6615875,-0.72432935,-0.41347644,-0.74601406,-0.9740364,-0.7041224,-0.6355163,-0.66228855,-0.6471841,-0.749527,-0.7146015,-0.6763093,-0.59664524
-0.9341625,0.80689585,1.0378491,0.18327184,-0.14712273,-0.30138314,-0.38271824,-0.7696694,-0.91006386,-0.5925505,-1.0341136,-1.2861402,-0.8385019,-0.8660615,-0.80350286,-0.64611506,-1.1729071,-0.96690184,-0.8975448,-0.93454176
-0.3503911,0.73365664,0.58741224,-0.39617875,-0.35702404,-0.41661784,-0.38999614,-0.5342089,-0.76003706,-0.41195506,-0.7306063,-0.7734502,-0.57976675,-0.74295706,-0.54596764,-0.67716885,-0.80067956,-0.75144655,-0.754307,-0.75155973
-0.23511359,0.7759461,0.50889444,-0.47670075,-0.4829523,-0.5053433,-0.41080406,-0.61701405,-0.761508,-0.4497425,-0.79769015,-0.91156167,-0.5487634,-0.6060082,-0.661005,-0.6113529,-0.8658108,-0.76889247,-0.6884931,-0.679677
-0.9103794,0.8574194,1.0517799,0.14065324,-0.32611609,-0.36398673,-0.50872064,-0.7273101,-0.99833655,-0.63698494,-1.0336292,-1.3239925,-0.9045755,-0.96612626,-0.8599566,-0.64119345,-1.049747,-0.9647401,-0.956144,-0.9599221